plastic367_jpg.rf.ff5f99280262b7ec0a467519b4cb4e40.jpg 179,0,446,334,2
img_18202_jpg.rf.fc25415e9134a5400cb6dbe831eff9e2.jpg 282,306,944,750,2 42,6,780,413,2
plastic135_jpg.rf.fe58432ac162c6b40adba77f588108c8.jpg 155,91,340,266,2
plastic189_jpg.rf.fddb2f6214e3c1ae8448a55df62e3ec9.jpg 43,97,477,299,2
2022-11-30-18-38-58_mov-239_jpg.rf.fdbcf160be688b9c8033d61a016d681c.jpg 483,330,1463,708,0
2022-11-30-03-20-18_mp4-347_jpg.rf.ff271d3925c97704682ca3137e3f48c3.jpg 819,188,1139,910,0
plastic314_jpg.rf.fd0002508c3b2c0da24e1e64ca0b2dfd.jpg 52,8,392,370,2
plastic317_jpg.rf.8c39d68d516fbf6f9ef0a696a408f295.jpg 133,35,418,315,2
plastic126_jpg.rf.89ff45af45ece031144577f264093bee.jpg 204,6,422,318,2
plastic138_jpg.rf.8daa4958f138527bfe91884d59b5d112.jpg 116,105,350,248,2
plastic212_jpg.rf.7f79d40326764a928e2d13e4fb574a2f.jpg 80,0,484,374,2
2022-11-30-18-43-10_mov-153_jpg.rf.8be8c0264b4c0d03955053cb86cbac64.jpg 706,82,1055,1016,0
2022-11-30-18-43-57_mov-547_jpg.rf.8ccff21898473d9808bc185f0f3cbb62.jpg 801,248,1122,806,0
2022-11-30-03-20-18_mp4-211_jpg.rf.8013855564c5f5a9b7d8c2c765bc0800.jpg 839,140,1138,890,0
plastic324_jpg.rf.87cc029e5640b3b1388c7f282ef4e1b6.jpg 156,40,476,383,2
2022-11-30-18-43-57_mov-271_jpg.rf.81b5e4890e6b1f150b9c6a48d3e97313.jpg 776,324,1149,876,0
2022-11-30-18-39-44_mov-319_jpg.rf.85c80e8d05ca23b7261faf1c63df6b3e.jpg 947,313,1167,782,0
2022-11-30-18-43-57_mov-73_jpg.rf.87924697e7daa7da9d7d5271ebcf6190.jpg 792,202,1125,894,0
2022-11-30-18-39-44_mov-35_jpg.rf.7f53ac60f83be1de3589915f3b76ce5a.jpg 918,205,1151,950,0
plastic217_jpg.rf.8170b2b6177f528025df7604b28d153a.jpg 253,157,511,347,2
plastic177_jpg.rf.89636f158a8278131c773edb6a3c1a6c.jpg 108,153,248,239,2
2022-11-30-18-38-58_mov-69_jpg.rf.841447c58d7f1250d0cfb30ce8fb334a.jpg 418,323,1390,663,0
plastic182_jpg.rf.7f4012ac2f36501f0e342625d7622e1e.jpg 170,161,292,279,2
2022-11-30-18-43-57_mov-487_jpg.rf.8c3ac14407cd1f588cd49b1dfc324d45.jpg 802,252,1131,806,0
2022-11-30-18-44-50_mov-279_jpg.rf.8b20855cb9e9f318c0f37e100c18f222.jpg 601,380,1395,688,0
plastic279_jpg.rf.896c1ff39d5cb61b80e689286960c0be.jpg 0,0,505,342,2
2022-11-30-18-43-57_mov-341_jpg.rf.835683483501165b13524bb92fbf09fd.jpg 793,276,1134,790,0
plastic249_jpg.rf.86978c3a321b2973a659f1535d21c934.jpg 104,46,368,286,2
-_1018_jpeg.rf.807d1d0d661fa2b6313347300a5b446c.jpg 103,0,191,300,1
plastic16_jpg.rf.7feda5a8f813167376c97046ffa9f394.jpg 0,0,388,349,2
2022-11-30-18-38-58_mov-265_jpg.rf.8401f5e21b2d026f456fd054d4913b6c.jpg 481,303,1440,753,0
img_18113_jpg.rf.8e3761c7beb2730318d08137e867328f.jpg 46,168,998,694,2
2022-11-30-18-38-58_mov-405_jpg.rf.8a45763cb2d0a278d3e0769fd14f2f56.jpg 593,338,1216,875,0
2022-11-30-18-38-58_mov-367_jpg.rf.8ed62d86a9ead5b715e7bf53eec04871.jpg 538,230,1435,948,0
plastic45_jpg.rf.908bfb250253c7978b1208d3c1be58b8.jpg 153,136,439,383,2
2022-11-30-18-43-10_mov-547_jpg.rf.8dd97d29b64ba65c82df254285290a9d.jpg 845,70,1191,945,0
img_18215_jpg.rf.8ec42c1a2b314c12ff6a288dba4566d7.jpg 48,22,214,353,2
2022-11-30-03-20-18_mp4-415_jpg.rf.8df9587c86b131ccc28c0ebf53f435d2.jpg 823,400,1101,674,0
2022-11-30-18-38-58_mov-115_jpg.rf.8e37e65ee1785ad2b4e3436c2b93d016.jpg 738,335,1191,843,0
2022-11-30-18-44-50_mov-299_jpg.rf.8ff27b4c67334258b92af1143ed141e4.jpg 601,383,1396,663,0
2022-11-30-18-39-44_mov-221_jpg.rf.90f0ebf606d1dd7f61b3934ae8e69528.jpg 938,353,1199,619,0
plastic88_jpg.rf.92d47a110e4dd514184b67ad5e1b4ee4.jpg 113,4,476,383,2
2022-11-30-18-38-58_mov-489_jpg.rf.90f6fd87837c4568027c953b3b4bb78d.jpg 701,348,1230,723,0
2022-11-30-18-43-10_mov-355_jpg.rf.91ce291da1d37ef86bf8043203d29181.jpg 767,114,1160,1000,0
-_1049_jpeg.rf.92c23e4fe5a41e861772a699d4307a4c.jpg 302,277,738,564,1 859,387,1280,720,1 871,124,1280,417,1 823,0,1234,201,1 647,0,879,114,1 405,0,651,122,1 48,0,466,203,1 0,145,392,434,1 741,551,1050,720,1 551,602,750,720,1 275,571,550,720,1 0,420,399,720,1
2022-11-30-18-44-50_mov-29_jpg.rf.91c61eac17ff33d9f0b11f3bd20c1b1c.jpg 678,368,1160,673,0
img_17779_jpg.rf.958523503cfede5bd7098b596891ea5a.jpg 85,13,533,246,2 108,231,446,315,2
plastic127_jpg.rf.959e1800366e1ac4a6990524354ea3f2.jpg 235,85,472,269,2
2022-11-30-18-43-57_mov-235_jpg.rf.9434c63d4333da2f1298c363218f1237.jpg 772,322,1149,872,0
img_18015_jpg.rf.94306cc3e11deec38c5f72d3da710289.jpg 427,22,652,732,2
img_18176_jpg.rf.909af1a2c5f8bb9b331e381fcfd38de5.jpg 265,113,722,663,2
2022-11-30-03-20-18_mp4-259_jpg.rf.94265385776750f03faa3c1b9a38d7ce.jpg 839,396,1142,777,0
plastic272_jpg.rf.98f18cc90a3f58569a7d8ad56d4f638e.jpg 12,100,511,321,2
plastic58_jpg.rf.96c0d56c34bf079e7b2dbde57b42886a.jpg 199,79,478,383,2
plastic169_jpg.rf.995f8fb79410fd1d1b914dd03eba94d1.jpg 8,127,483,276,2
2022-11-30-18-39-44_mov-515_jpg.rf.97e47a20fcaa1c82ce58d94006c696b4.jpg 728,439,983,873,0
2022-11-30-18-43-57_mov-175_jpg.rf.97aadb42473a5742452455d2f602dc8d.jpg 804,204,1125,890,0
-_1010_jpeg.rf.9665922c063d833b2eb1102bdca7557a.jpg 534,26,890,1215,1 221,187,534,1227,1 891,105,1222,1221,1 1221,300,1457,1221,1 1455,450,1679,1235,1
plastic20_jpg.rf.9add444e1cd5cb8eae15c11773131db1.jpg 84,26,379,346,2
-_1008_jpeg.rf.9880d6eb49cae2ed0a3e7e5f61b64ca5.jpg 389,206,679,973,1
plastic38_jpg.rf.9af51955405c2c068f53d19b02f69276.jpg 135,78,511,383,2
2022-11-30-03-20-18_mp4-595_jpg.rf.997871e978160257e9a45cf25a0532ed.jpg 829,130,1124,883,0
plastic265_jpg.rf.9ae39b29448514361abb45a6dcbffcfe.jpg 182,0,335,248,2
-_1023_jpeg.rf.9ab06e755c91a8325eec9274d6f66063.jpg 328,365,542,1272,1 446,406,755,1325,1 697,348,909,1277,1 811,593,1101,1327,1 1140,596,1431,1327,1 1361,238,1645,1290,1 1030,349,1300,1275,1
2022-11-30-18-39-44_mov-235_jpg.rf.994a34447e75e6b3e8d803485764884a.jpg 935,378,1202,740,0
2022-11-30-18-43-10_mov-363_jpg.rf.9c204daa4c3e5eedd54167924d37219d.jpg 741,70,1072,1022,0
2022-11-30-18-43-10_mov-479_jpg.rf.9c49cf9f3c3dbe9a65cb8a07a7a20bee.jpg 714,244,1097,888,0
plastic394_jpg.rf.9b3e9c1da417645ac1684a409f9af6ce.jpg 157,0,337,278,2
2022-11-30-18-39-44_mov-23_jpg.rf.9c75f52ab76434824cf9ea610cb63edd.jpg 883,208,1096,928,0
2022-11-30-18-38-58_mov-237_jpg.rf.9d605445c71ef02014e2e08a16acf080.jpg 496,333,1453,703,0
2022-11-30-18-38-58_mov-0_jpg.rf.9cc8ddfd588ae4cbf40cc5d1d68cd48c.jpg 513,300,1483,778,0
-_1033_png.rf.9d68214801e3ae774be35611ad70b6f9.jpg 266,70,427,442,1
plastic190_jpg.rf.9ed98b1024c53d0218af2d9087f93e3b.jpg 0,38,511,383,2
2022-11-30-18-39-44_mov-331_jpg.rf.9d6976af24a117424de515b12a0061f2.jpg 939,352,1167,753,0
img_18179_jpg.rf.a1490bb0d3c7c64656d9aea3c4ee1635.jpg 50,22,708,522,2
plastic388_jpg.rf.9f0cf9563485017ffe94e91ee6b6f5b0.jpg 0,20,491,383,2
2022-11-30-03-20-18_mp4-375_jpg.rf.a06bff181caa2831ea19fd1f983f300a.jpg 821,152,1115,805,0
2022-11-30-18-43-10_mov-175_jpg.rf.9dbde01c5ed0d7a0113187f32435c9bf.jpg 742,94,1077,976,0
2022-11-30-03-20-18_mp4-65_jpg.rf.9f1f0dd5338b2aa5929530ea48ef3f4a.jpg 829,138,1094,876,0
plastic445_jpg.rf.a137022e1f461d5839a921391048ac8b.jpg 149,136,455,383,2
img_17887_jpg.rf.a2967f8162a590b0ea7af4f1e5b803d5.jpg 100,5,375,545,2
plastic46_jpg.rf.a2029c3efd51cf08ae5d4a8b4b8ed1ec.jpg 111,125,511,383,2
-_1038_jpeg.rf.a1e17e11c1259af2eab50df00894dcbe.jpg 84,56,307,825,1
plastic153_jpg.rf.a2dd142e8bfc73cdd0f6b837e6ebd97f.jpg 187,108,294,261,2
2022-11-30-18-39-44_mov-63_jpg.rf.a2489cdaacb99097847d172ca0206b63.jpg 858,175,1118,1008,0
plastic479_jpg.rf.a5754492d7f49e585345a6c4f7b3e02f.jpg 192,52,349,307,2
plastic91_jpg.rf.a58dcb34d40fb4ede0f4e344b1a23d06.jpg 208,38,394,383,2
-_103_jpeg.rf.a49301c08b250567ab1e81212062be8c.jpg 194,89,345,607,1 318,62,455,546,1 419,38,545,489,1 524,11,632,435,1 614,0,700,398,1 672,0,773,353,1 728,0,828,324,1 786,0,884,293,1 0,406,205,641,1
2022-11-30-18-38-58_mov-423_jpg.rf.a2f692338213a87fadd283d6a88b437d.jpg 818,298,1255,733,0
2022-11-30-18-43-10_mov-341_jpg.rf.a183d5fdac5d3cecd8110fc165bcac33.jpg 827,192,1232,974,0
-_1000_jpeg.rf.a578d7fd9399609acbcf5095bc16de28.jpg 401,308,623,983,1
2022-11-30-18-39-44_mov-233_jpg.rf.a7338bbc6e1b68905a9fb8db86d6595f.jpg 929,391,1198,710,0
img_18206_jpg.rf.a643837be46ef4b1db173cce03888efe.jpg 524,87,979,727,2 246,374,796,768,2 179,2,713,489,2
2022-11-30-18-43-57_mov-185_jpg.rf.a31cd9034ea78f8cd8caa4568306e022.jpg 793,194,1120,890,0
plastic310_jpg.rf.a625f00efeca54065d181865155c7aa6.jpg 0,0,511,337,2
plastic186_jpg.rf.a741951f39ee06363dbaf589c54df4fe.jpg 0,0,511,383,2
plastic123_jpg.rf.a75253fcd81cad3947b2c444aadfaa69.jpg 0,17,419,383,2
2022-11-30-18-44-50_mov-43_jpg.rf.a6cddf502ef0597aaa4cb54195d6e28e.jpg 663,380,1245,670,0
2022-11-30-18-43-10_mov-27_jpg.rf.a7796c86189681585ee4d55ee654e9f1.jpg 772,104,1085,988,0
plastic70_jpg.rf.a7dab5c2a7cc7b43ff30e128513e39dc.jpg 0,156,434,383,2
2022-11-30-18-44-50_mov-419_jpg.rf.a78b7ee7571091f53b86002540d579fa.jpg 568,435,1390,710,0
plastic378_jpg.rf.a99af0ef2330ed12abc2df800bb8831e.jpg 253,21,401,374,2
plastic274_jpg.rf.aca6efcda526218776cc9286c7066047.jpg 179,49,358,383,2
img_17532_jpg.rf.acdacd1cd8927452274270f95e9c50af.jpg 58,4,313,388,2
img_17955_jpg.rf.ad27c9ec25446d641715d45332c3efa3.jpg 71,1,236,243,2
img_17941_jpg.rf.b0ec7825a2e14739e1ff745a9a5b0e9a.jpg 68,1,230,138,2
plastic154_jpg.rf.a8caef7424408ddd8c84b754c27e2343.jpg 194,146,283,220,2
2022-11-30-18-43-10_mov-455_jpg.rf.ac03f34427b93351ee69c5330af16e67.jpg 830,356,1211,804,0
plastic187_jpg.rf.b3f7f0ea644c3bdc6a7c410a459933de.jpg 12,90,305,278,2
-_1048_jpeg.rf.b007983fd0952255eefa6b866ba35b35.jpg 1069,102,1176,565,1 1205,45,1326,561,1 1278,297,1424,603,1 1155,179,1264,598,1 1665,405,1812,863,1 1570,515,1701,868,1 131,159,289,769,1 258,247,471,771,1
2022-11-30-18-39-44_mov-191_jpg.rf.b06fd777030bd93d1a32981ff8addf4c.jpg 924,355,1205,623,0
2022-11-30-18-39-44_mov-173_jpg.rf.af79f92dd01e7c869dae3849d909061e.jpg 934,197,1164,965,0
2022-11-30-18-44-50_mov-371_jpg.rf.b1c9f804c43bb673c2c32f9656bbe0ff.jpg 573,403,1393,720,0
img_17925_jpg.rf.b4a098198cd6e1ec81ad2d0264511e25.jpg 189,130,326,191,2
2022-11-30-18-38-58_mov-133_jpg.rf.b4338fd2723bf8e2279eb7d07c4fa025.jpg 528,340,1280,830,0
2022-11-30-18-44-50_mov-161_jpg.rf.b23e4af8ba0b20cd892a78d5c7cb07f2.jpg 593,393,1333,668,0
plastic227_jpg.rf.b85912636093505f1591866cc93cd516.jpg 66,10,488,304,2
2022-11-30-18-43-10_mov-571_jpg.rf.b544458e8c9769c8fb2c8ddc6b9aec32.jpg 853,73,1196,960,0
plastic461_jpg.rf.b5edf9f9b82b8355886ca3b16495a450.jpg 63,85,320,352,2
plastic13_jpg.rf.b54677df88a11620976a2cbd38ba2608.jpg 137,89,426,278,2
2022-11-30-18-43-10_mov-49_jpg.rf.b62a9bd34f4e5305430d90ba564a72a0.jpg 770,100,1087,966,0
2022-11-30-18-43-57_mov-527_jpg.rf.b3c216fc668ac6d111fddca94de23791.jpg 801,250,1126,816,0
2022-11-30-18-43-57_mov-233_jpg.rf.b6008371e790d1c9622352a5b74dfef4.jpg 767,320,1148,884,0
-_1045_jpeg.rf.ba5e8ce8e69e2fa6a17342e3323345f6.jpg 152,97,210,273,1 33,109,109,268,1
2022-11-30-18-38-58_mov-193_jpg.rf.b89191ffa8b439d8fe20a043c9b71009.jpg 468,333,1495,683,0
2022-11-30-18-43-57_mov-480_jpg.rf.b9c0814713fa429754f60f822183a843.jpg 801,256,1120,808,0
-_1009_jpeg.rf.ba8662098de38bf20779105f78268353.jpg 903,161,1122,745,1
2022-11-30-03-20-18_mp4-517_jpg.rf.b93b823d048ff93addb95d2889e4077b.jpg 811,123,1115,877,0
-_1041_jpeg.rf.bb282b1082d7e4a8ccb5836898437a44.jpg 369,134,594,360,1 149,130,369,360,1 0,148,123,360,1 77,107,213,360,1 347,103,484,360,1 552,118,640,360,1
plastic2_jpg.rf.bb777a05a2871021fd2c736c1047ab48.jpg 23,108,477,260,2
plastic337_jpg.rf.bdd3bba0d68450fb407b0c567cd6b559.jpg 62,0,460,297,2
plastic141_jpg.rf.bc94cab4353f3453db6243b0d35a3331.jpg 86,3,464,365,2
2022-11-30-18-38-58_mov-289_jpg.rf.b346623fea0894aa3d6cdaf0e1b449cd.jpg 493,223,1445,768,0
2022-11-30-18-44-50_mov-23_jpg.rf.ba65be94a2878c655e1b7e959003c088.jpg 676,375,1155,670,0
plastic246_jpg.rf.bd2c1b4fc59c5f0dc3b607c9c8ea4063.jpg 0,0,511,326,2
plastic401_jpg.rf.c0f494a042671fe4094c132a467c8889.jpg 96,137,405,253,2
img_17589_jpg.rf.beeebfb79e2095a3cb877b099e3f5200.jpg 260,69,604,998,2
-_1001_jpeg.rf.bf8f2379a16802ea86f013076cf5dba1.jpg 686,91,1086,630,1 912,402,1136,630,1 915,493,1106,630,1 470,369,630,630,1 363,420,608,630,1 164,326,376,630,1 96,324,318,630,1 18,327,174,630,1 0,329,107,630,1
img_17831_jpg.rf.bf4fc787eb8633ed2931cb19f39798b8.jpg 30,103,687,412,2
2022-11-30-18-43-57_mov-3_jpg.rf.bbfbda97128d0882a4ac6261dc6bc19f.jpg 800,206,1125,880,0
2022-11-30-18-43-57_mov-433_jpg.rf.c14c9e356d6979fc8978e96bb20b289b.jpg 801,282,1128,776,0
2022-11-30-18-43-57_mov-293_jpg.rf.c13edf1cc76ca5dfe5bff35ad38ca0d2.jpg 777,276,1146,894,0
plastic161_jpg.rf.c3a79f4d46d37d412283e3f7345c8a5a.jpg 8,0,469,329,2
2022-11-30-18-43-10_mov-195_jpg.rf.c0ca8020286b3a0313a66886ba6553ae.jpg 796,100,1111,978,0
img_18131_jpg.rf.c2e4a4ac59149d9ea2433c6142afb59d.jpg 115,17,650,621,2
plastic340_jpg.rf.c6e087ab84679998e7fb4771778b3d8f.jpg 38,95,487,355,2
plastic257_jpg.rf.c3c4c6da3068bc11f5462b257fb9b507.jpg 1,104,511,291,2
2022-11-30-18-43-10_mov-465_jpg.rf.c5c8209415bc40c2744d45b71ab30cd7.jpg 791,348,1170,840,0
-_104_jpeg.rf.c5919306829faca273174b57058f9081.jpg 362,0,523,313,1 211,0,425,310,1 110,37,328,323,1 1,138,104,248,1 508,75,601,257,1
plastic412_jpg.rf.c8d552eace4a2f25e0f0135a53a01717.jpg 86,94,372,261,2
-_1003_jpeg.rf.c8c160d7f6e8870b556eb2a65c5f8090.jpg 185,384,503,1116,1 677,395,1007,1154,1
img_18089_jpg.rf.c2e3210d48ca5333a174fe661513c226.jpg 81,180,407,626,2
2022-11-30-18-38-58_mov-529_jpg.rf.c1bf3aef08f96b48646fc866dc81511b.jpg 651,40,1188,955,0
plastic374_jpg.rf.bf73a842422185ccef8c38ea3c830415.jpg 73,105,445,231,2
plastic432_jpg.rf.c812c20d82e424ed4e6ea60d11bbd527.jpg 154,120,475,383,2
2022-11-30-18-43-57_mov-295_jpg.rf.c9ce58d23a90c0686b11251cd774c062.jpg 782,278,1149,888,0
img_18088_jpg.rf.ca7504a19c40ceba554666b2c337ba03.jpg 59,337,503,622,2
2022-11-30-18-43-57_mov-317_jpg.rf.c9e052b3ce1a3281bd88e2eab4cc7008.jpg 788,204,1133,886,0
img_18094_jpg.rf.c9859607f293a77b2e0f00bbd9e3cf4d.jpg 148,98,357,603,2
2022-11-30-18-38-58_mov-143_jpg.rf.ccbac95ece7648b795ec6c68200e5804.jpg 486,333,1356,798,0
2022-11-30-18-38-58_mov-325_jpg.rf.cc6537d151bd38b314bf8688e3b1d115.jpg 456,385,1480,805,0
2022-11-30-18-39-44_mov-513_jpg.rf.cb3ca15e7fbd454833e78303f08edad9.jpg 727,441,985,866,0
-_1004_jpeg.rf.cc24ec40482f5cdaa4d86623df176181.jpg 345,603,865,1334,1 871,608,1435,1358,1 1427,618,1947,1346,1
2022-11-30-18-43-57_mov-485_jpg.rf.cf5edee7193189165191c16275038fd2.jpg 799,252,1122,808,0
-_1056_jpeg.rf.ca6d7da3abb34de768aabf73a72b5270.jpg 77,175,152,418,1 139,171,234,415,1 208,174,306,416,1 653,171,745,421,1 583,169,662,412,1 513,167,587,413,1 444,159,515,414,1 359,161,446,414,1 283,162,369,412,1 461,415,546,635,1 400,417,451,636,1 323,444,379,636,1 246,415,301,640,1 167,426,228,634,1 93,420,145,637,1 10,427,69,640,1
2022-11-30-18-39-44_mov-205_jpg.rf.cf514371278f3b8592f8ba07f2dc1b49.jpg 924,352,1206,623,0
2022-11-30-18-44-50_mov-289_jpg.rf.ce21e187ba0f3bc9c73259203abad86b.jpg 608,393,1403,670,0
2022-11-30-18-43-10_mov-83_jpg.rf.ce1513c648561b24f4f0382decdcd24f.jpg 881,92,1200,1006,0
plastic103_jpg.rf.d114ed957e85e43e02c5fc550fdd983e.jpg 93,0,496,383,2
plastic273_jpg.rf.d319f91181c33396dd70202282a93124.jpg 77,0,474,351,2
2022-11-30-18-39-44_mov-411_jpg.rf.d150221ee22659479c81e938382408ad.jpg 923,379,1190,667,0
plastic456_jpg.rf.d5d689268f4b8b788c4c06d89a3179ab.jpg 31,78,392,383,2
2022-11-30-03-20-18_mp4-89_jpg.rf.d3a7f9ead2b7ef583930acc0ebbb99ff.jpg 829,134,1114,910,0
plastic131_jpg.rf.d6a11bb01a7097d1eb2fd48e506ccdc1.jpg 112,106,309,298,2
2022-11-30-18-38-58_mov-3_jpg.rf.d31d2af94aa683cd15db6df9bb45bbd9.jpg 513,293,1486,788,0
plastic62_jpg.rf.d1ff4e525487378a94aa1765944b0c9c.jpg 118,24,395,383,2
plastic438_jpg.rf.d6814a566e31fd045ad75d166623bbed.jpg 138,52,511,373,2
2022-11-30-18-39-44_mov-11_jpg.rf.d60cf3c7b2d2c5928eebe9c1d00015be.jpg 831,203,1033,918,0
2022-11-30-18-38-58_mov-57_jpg.rf.d4a86ec6745dc72d5a687f65d2de38de.jpg 556,283,1163,810,0
-_102_jpeg.rf.d6da94cc90d3b27981056ca4ad484405.jpg 98,90,203,314,1 177,80,254,314,1 248,68,344,315,1 335,82,422,315,1 68,69,128,313,1
img_18185_jpg.rf.d76d1b10650d69f34d087ec01855b35d.jpg 217,19,498,649,2 353,576,768,876,2
2022-11-30-18-43-10_mov-187_jpg.rf.d88b7d53fc82f5258ad19aac71b20fa8.jpg 780,98,1095,984,0
plastic302_jpg.rf.d870150209b1ddbdfe981012267944a7.jpg 53,126,511,335,2
plastic67_jpg.rf.da2ce67ea87d33874c08a02d49f9644b.jpg 40,63,461,383,2
2022-11-30-18-43-57_mov-51_jpg.rf.dad5cf42d5f4e585daee524c629670e6.jpg 795,200,1124,880,0
plastic15_jpg.rf.d9651aac1cf563eb0fec537674306992.jpg 58,64,452,326,2
2022-11-30-18-43-10_mov-239_jpg.rf.dc5055bd50d08a57d152bfd9a6473c33.jpg 747,454,1174,902,0
2022-11-30-18-44-50_mov-201_jpg.rf.d8d4624529425a2bb26e6a461f763b51.jpg 528,358,1355,650,0
2022-11-30-18-38-58_mov-487_jpg.rf.d7d444de3db37028d467ccf936b9afff.jpg 721,348,1206,730,0
plastic33_jpg.rf.dc6104610703c7ac1b2a39ee2c8a94ef.jpg 90,71,373,351,2
2022-11-30-18-38-58_mov-455_jpg.rf.db9a29e85f84206a4c7502d656ffed2e.jpg 418,325,1383,663,0
plastic225_jpg.rf.dc8bcd78478a000e56b5ac95dd61c5c6.jpg 0,74,511,383,2
2022-11-30-18-43-57_mov-39_jpg.rf.dc3f4f8a2fcdba7de2885bbc67fd870b.jpg 799,200,1118,882,0
2022-11-30-18-43-57_mov-397_jpg.rf.dcd3b1338c9ad15b471fede302297134.jpg 788,308,1129,768,0
-_1040_jpeg.rf.dadff2e58129fa65ec9f8df2c4c1c2fa.jpg 1470,519,2757,3614,1 615,1559,855,2161,1 614,2252,855,2858,1 613,2947,856,3555,1
plastic428_jpg.rf.dc5534006901c25b5e7f6328d5c0ad87.jpg 66,73,408,308,2
-_1053_jpeg.rf.dea3325337957401fdd64bdcb47d3eb5.jpg 66,96,188,264,1
plastic387_jpg.rf.dd5cc3993fa2fbae4cf88af4ee6eb544.jpg 0,0,492,383,2
2022-11-30-18-43-10_mov-235_jpg.rf.dce827af9a7f8a4a0a9033cf27ab75d6.jpg 737,436,1170,958,0
2022-11-30-18-44-50_mov-365_jpg.rf.dce5922f95637195412737277eddd5f5.jpg 568,405,1403,723,0
img_18115_jpg.rf.deb0ea0fc8ae6183ea814b298836bf8e.jpg 1,86,1000,480,2
2022-11-30-18-38-58_mov-397_jpg.rf.ddccf95e55daf15acc3a16f8a7445b95.jpg 571,310,1238,915,0
plastic276_jpg.rf.ddfa5eb7fde34bfc170e8ce3a26daa74.jpg 164,76,351,383,2
2022-11-30-18-43-57_mov-551_jpg.rf.df6bdc7973eccaf90fa355b82dcbdc5c.jpg 792,248,1129,806,0
plastic261_jpg.rf.dfd073f0eaa0593a2006741a145b8682.jpg 64,0,398,322,2
img_18025_jpg.rf.dfea19f38c451691b798a79a46b3a37b.jpg 174,28,339,335,2
plastic60_jpg.rf.e161f7f8a8bbf357341418d7c9f9cd75.jpg 46,155,416,281,2
plastic409_jpg.rf.e064ec9da0e4707ea3eb3fabdd38a5fb.jpg 101,104,463,280,2
plastic105_jpg.rf.e0f52e594d41520e50919cc12ab1825e.jpg 187,43,436,383,2
plastic148_jpg.rf.e04fa8a2416893e4101682113159a56f.jpg 41,101,404,383,2
plastic366_jpg.rf.e3cdb49a36e6b9243f6004e1dcb1e0e6.jpg 49,24,471,383,2
plastic349_jpg.rf.e45a3bdb8b2e2dc18b0653d23277a1b6.jpg 202,8,511,370,2
plastic360_jpg.rf.e1bf50e5e1f003f381cf6828699d5db7.jpg 105,98,403,251,2
plastic233_jpg.rf.e118df400be366030ca8abbb39157a36.jpg 135,139,375,383,2
2022-11-30-18-43-10_mov-587_jpg.rf.e1eaf36d0dcd6c4582a48c97062dedeb.jpg 854,86,1193,952,0
plastic466_jpg.rf.e59eda98b9f70dbee51f6f3517d60840.jpg 142,138,332,339,2
-_1029_png.rf.e1957b00b90082c6ca141e925b094c92.jpg 1186,111,1396,880,1 981,117,1182,876,1 763,118,963,870,1 552,122,750,868,1 354,125,551,865,1 154,125,366,868,1
-_1050_jpeg.rf.e3d0db3397d9f8d0a8b4bea4f1f58aa8.jpg 668,29,857,248,1
plastic119_jpg.rf.e6171df8af1016a0087153c8ff38def2.jpg 0,0,506,383,2
img_17758_jpg.rf.e5fe4e9c71f929e580504489506aca18.jpg 1,1,105,207,2 101,1,220,214,2
plastic453_jpg.rf.e5aadcd0be195d220815e1c431531118.jpg 94,111,333,317,2
plastic172_jpg.rf.e93856de0dcac024343abd5aa0eff8cd.jpg 51,85,365,287,2
2022-11-30-18-38-58_mov-215_jpg.rf.e81d07f71e6f79085d730ffde5c8e9eb.jpg 473,320,1480,650,0
plastic213_jpg.rf.e604afc564a6d5a5344bfabbf489c49f.jpg 113,27,361,325,2
plastic331_jpg.rf.e4cc15080e134b50d2ab9ec7ba76a6aa.jpg 128,117,464,258,2
plastic115_jpg.rf.e861f274893262e725c13aa56a1a545e.jpg 0,0,511,383,2
2022-11-30-18-43-57_mov-561_jpg.rf.e68bc190cbf99b529b848791324b9ef2.jpg 801,252,1126,806,0
2022-11-30-18-43-10_mov-561_jpg.rf.eb710ff850bab1623a70c4b30ba09500.jpg 853,68,1190,958,0
2022-11-30-18-43-57_mov-591_jpg.rf.eab37cc506f0107d05eaa37d01cf8ec8.jpg 788,252,1129,810,0
plastic425_jpg.rf.ea99adf8adbe5afa297b93c5b5959c34.jpg 105,50,449,334,2
plastic111_jpg.rf.ee1e4ee3fd994d31a48cddb8d9e1e233.jpg 0,0,411,383,2
2022-11-30-18-43-10_mov-319_jpg.rf.eaf41cbeddf13b6f685f481aa280f57e.jpg 832,302,1283,938,0
-_1025_jpeg.rf.ee3b38323a1776d1222a2e2ce085dcd6.jpg 711,126,914,570,1 582,58,731,570,1 484,31,614,508,1 392,4,518,455,1 302,0,410,404,1 237,0,334,356,1
plastic393_jpg.rf.ecd2f06a76026e640ed94cc795b20fc3.jpg 33,144,429,285,2
-_1028_png.rf.ed3b58244133398b3c9c9f7348cf6567.jpg 364,30,440,339,1 268,11,366,355,1 428,45,494,327,1 201,30,275,339,1 145,46,210,326,1
img_18124_jpg.rf.edb2cc59ae72ec024944a5b00d053d41.jpg 206,44,696,733,2
2022-11-30-03-20-18_mp4-329_jpg.rf.f06eee2f489eca4f50891f1ff140637e.jpg 834,330,1153,865,0
2022-11-30-03-20-18_mp4-379_jpg.rf.eed78612d5208f0d51e2a44078d191a4.jpg 819,165,1122,790,0
2022-11-30-03-20-18_mp4-205_jpg.rf.f3218f60c9b35252517ae46b2d110347.jpg 810,152,1125,886,0
-_1037_png.rf.f02f03d3618c9a4ae45eb55affc0392f.jpg 873,561,1613,1917,1
plastic277_jpg.rf.f08093bf80808e2e280f48f8a0a99d32.jpg 150,0,386,285,2
-_1044_jpeg.rf.f1652d37a7d8f95ce1d77507acdc3219.jpg 90,39,288,645,1 218,275,355,715,1 318,99,496,640,1 520,162,704,649,1 431,297,564,708,1
2022-11-30-18-44-50_mov-253_jpg.rf.ef96a39974b6383f01867e4e054bd91b.jpg 726,123,1193,915,0
plastic201_jpg.rf.f41276a378218b274019dec980a6b836.jpg 88,0,468,370,2
plastic408_jpg.rf.f3ce56c1598dbcf221486d080128cb8e.jpg 0,0,511,383,2
-_1036_jpeg.rf.f212caac12f07cefd1228648c3298f06.jpg 169,144,349,746,1 351,212,506,760,1 517,284,642,742,1 655,353,769,734,1 779,362,896,732,1 910,413,1008,739,1
plastic236_jpg.rf.f38b04b461279126f2bc3766140d94a6.jpg 111,62,425,267,2
plastic357_jpg.rf.f4ce092cad2a15d9783af7f001c55343.jpg 139,128,454,383,2
plastic413_jpg.rf.f58b71008be68e1f7d8cf880e9ae74ba.jpg 170,0,416,277,2
2022-11-30-18-39-44_mov-347_jpg.rf.f60aa61481f1cb8943bee93a8e0ddf49.jpg 942,437,1170,687,0
plastic139_jpg.rf.f6dfc0a4db219d0f33675b57508f1432.jpg 0,145,461,383,2
plastic464_jpg.rf.f68939d3181fbee898b727af7717b61f.jpg 99,17,447,383,2
plastic473_jpg.rf.fb623fa11a1bd73e3b22e51d85c64ac0.jpg 230,35,413,360,2
img_18105_jpg.rf.f80b5a354855c7452715f78de0a22e6b.jpg 326,1,654,547,2
-_1013_jpeg.rf.f91e8e2f01262e46088eafefcb9c5d2a.jpg 719,58,907,387,1 988,535,1131,761,1 406,548,540,797,1
plastic54_jpg.rf.fba848f1f33d6d777e0351b4739d6625.jpg 0,0,511,383,2
2022-11-30-18-38-58_mov-393_jpg.rf.f8714bf2c693249bc465499ab75c88e6.jpg 568,263,1261,953,0
plastic329_jpg.rf.0c7cbd4adb66dc43eb7f76774546d7a4.jpg 93,0,451,344,2
2022-11-30-03-20-18_mp4-5_jpg.rf.092c0776b62b74c306abd58de3327992.jpg 824,142,1083,886,0
plastic297_jpg.rf.01afc884314d620ebc6f0afe5d09ef71.jpg 0,37,371,377,2
img_17909_jpg.rf.0550a23a1688ab54622b19182809e2cf.jpg 328,6,684,974,2
plastic133_jpg.rf.0a0d3e30edcc16b05caef02e2965d45d.jpg 0,0,511,337,2
plastic68_jpg.rf.0d1b19e55b0d584a18ab68b0a4cd7d1a.jpg 130,0,511,272,2
img_18021_jpg.rf.0417d87b84d3b5c6cfb71154c9a9879b.jpg 173,21,294,327,2
-_1031_jpeg.rf.0917b32acee086b695fa775655ca11c5.jpg 400,127,528,519,1 282,122,403,525,1 159,127,291,528,1 60,97,195,473,1 183,88,310,538,1 293,72,425,522,1
plastic469_jpg.rf.08c9d1492d937e7c7e078c8eca67f72b.jpg 0,81,307,354,2
-_1026_jpeg.rf.009583838689ab64d23f5809520c0f16.jpg 589,439,965,1535,1 961,329,1323,1530,1 1331,320,1693,1501,1 1584,740,1867,1562,1 1779,592,2005,1536,1 497,905,720,1566,1 345,642,556,1549,1
plastic195_jpg.rf.03956d6f5aca97ad53a7164e55c80294.jpg 175,100,511,383,2
-_1005_jpeg.rf.0b3c28bb1d3e9deeb79e401400366a6e.jpg 798,295,1258,1352,1 1394,577,1737,1348,1
2022-11-30-03-20-18_mp4-257_jpg.rf.08b4783e27adee745dfc2a4fa33ce015.jpg 845,417,1146,780,0
2022-11-30-18-43-57_mov-319_jpg.rf.0bb3542360fae20edd5028c3d597d98c.jpg 789,204,1122,880,0
img_17597_jpg.rf.08ba7a58e449c28f3291ef8806fb16c7.jpg 43,19,193,363,2
2022-11-30-18-38-58_mov-573_jpg.rf.0316f5dd9781cbfdd1c829889b4c67ef.jpg 736,58,1156,1013,0
-_10_jpeg.rf.04139c5a74eb31c076bf2f0c331584db.jpg 136,30,309,602,1 314,224,438,597,1 446,247,566,592,1 578,272,694,595,1 700,271,806,591,1
-_1052_jpeg.rf.063e93875862685b71b3d8baa86129c1.jpg 99,21,327,402,1 316,102,536,397,1 471,0,633,325,1
img_17883_jpg.rf.09d7ef37f9bb73e39af81456d3923615.jpg 39,5,430,539,2
plastic460_jpg.rf.0c342c2c067aaf28cf305bbe129afeb9.jpg 52,87,285,383,2
plastic206_jpg.rf.01f322df4e979fb1a98aad495d61b59e.jpg 52,112,465,383,2
2022-11-30-18-43-57_mov-360_jpg.rf.04f9c0a8b88e6a4704f61fa477b64348.jpg 795,264,1122,798,0
plastic14_jpg.rf.0f10f4c2756add916cc0b348365efad4.jpg 52,0,441,302,2
plastic215_jpg.rf.100ecf74e787e58f88d520692b12e75d.jpg 141,145,475,383,2
img_18050_jpg.rf.105a5e4ae09d062528b14696e578af98.jpg 23,342,502,599,2
plastic196_jpg.rf.08c5d87d7e2199c1c5e090cab9d6dab2.jpg 0,0,356,328,2
-_1011_jpeg.rf.0097456e14114bdb0d6f8aea83b46a2a.jpg 530,26,943,497,1
plastic116_jpg.rf.108e531fbd0f458e5039aa502e8f0833.jpg 53,33,511,339,2
2022-11-30-18-43-10_mov-385_jpg.rf.103897ceb457f165e94ab59808882eef.jpg 704,82,1051,944,0
plastic112_jpg.rf.11470fcf8984a001ec09b89f41431e92.jpg 0,91,410,352,2
2022-11-30-18-38-58_mov-281_jpg.rf.1075bba355c8e06037be9830cac5db2c.jpg 491,240,1440,770,0
plastic243_jpg.rf.11e03e07a5e1b51ba05f103b83c8a6cf.jpg 0,50,511,383,2
2022-11-30-18-38-58_mov-381_jpg.rf.11fd83366e5c4a65bb3fc7d4ce4fe914.jpg 538,203,1418,968,0
plastic32_jpg.rf.1232045a212e015db3922e1ac94fb477.jpg 105,0,429,366,2
2022-11-30-18-44-50_mov-263_jpg.rf.12c84fb2d133e87120757af2a5d223e9.jpg 546,305,1381,675,0
plastic4_jpg.rf.12e6f799bb240b627ae1dbd5db378f58.jpg 90,57,374,299,2
plastic193_jpg.rf.148b3a1eade14f3310a7131985368ebd.jpg 48,48,463,292,2
plastic286_jpg.rf.12fd8aef34a93c34af7dbd8634b54642.jpg 78,43,424,383,2
plastic168_jpg.rf.1573baea1cd8a0e48896750cb3149c76.jpg 35,4,433,374,2
2022-11-30-18-38-58_mov-211_jpg.rf.150e55a41249788e094b245434abeb40.jpg 473,325,1483,660,0
2022-11-30-03-20-18_mp4-131_jpg.rf.0c92c05d03fb35d78ff10d9c4f6556a4.jpg 826,112,1133,902,0
-_1034_jpeg.rf.1519241207d51574c9baac1802f8287a.jpg 278,28,525,763,1
plastic288_jpg.rf.174d507a131d8d3fead7979801013f2a.jpg 171,31,423,383,2
plastic108_jpg.rf.169c49193da82ba8832446b43e8dcf64.jpg 79,0,447,271,2
2022-11-30-18-43-57_mov-53_jpg.rf.147fadac629c0252a04a274adfc15721.jpg 796,208,1133,882,0
plastic86_jpg.rf.1773a3161f9aaf6a953ae681581baeeb.jpg 0,100,511,383,2
2022-11-30-18-38-58_mov-209_jpg.rf.178b8a3ee16a7b09ec25369f69870e75.jpg 463,323,1498,658,0
2022-11-30-18-44-50_mov-381_jpg.rf.156b579f587fd690dec0f21f3be8e95f.jpg 573,410,1406,708,0
plastic162_jpg.rf.159c872b5acedc84c33f5e2c99b346d5.jpg 0,0,511,193,2
2022-11-30-03-20-18_mp4-455_jpg.rf.17bbdac54b85ecd4a6a57fa82a926493.jpg 823,358,1095,676,0
-_1002_jpeg.rf.1860a5b5a1ddfbb58039f9aa70478c19.jpg 89,83,160,269,1
plastic353_jpg.rf.1a5c4e22d223ea47a0bafcc494bd96aa.jpg 126,107,414,224,2
2022-11-30-18-38-58_mov-313_jpg.rf.1ab0e11d947859334d49aaf19583291d.jpg 468,355,1488,695,0
plastic208_jpg.rf.1cd74ad785053ec27d8be808011efce8.jpg 99,118,511,342,2
plastic98_jpg.rf.1d459d63da2fecea3ed37f4c7b56e8bc.jpg 133,60,368,290,2
2022-11-30-18-44-50_mov-351_jpg.rf.1b3f7c3777a5f1ff761aaf05f530b971.jpg 581,395,1395,708,0
img_18028_jpg.rf.1b1684ac82c169acad28b17ad7d65e15.jpg 13,23,93,215,2 87,23,165,229,2 162,30,242,229,2
-_1047_jpeg.rf.1d69400167b1aaded37e0efca9bdbf0b.jpg 590,131,854,868,1
2022-11-30-18-44-50_mov-281_jpg.rf.1e5467b241dc9099bb5eed0b51a9e494.jpg 606,385,1401,685,0
2022-11-30-18-39-44_mov-227_jpg.rf.1d5ef2a9c6377d9ff266de41b4ceb409.jpg 930,368,1199,630,0
2022-11-30-18-44-50_mov-337_jpg.rf.1f501b27f9d8dbe500b3190d39b015ba.jpg 578,393,1400,690,0
2022-11-30-18-43-57_mov-469_jpg.rf.1f3bdd9e7c59bf2f13d27e7cbbaf05f0.jpg 798,260,1129,802,0
2022-11-30-03-20-18_mp4-497_jpg.rf.1f56cdec146b528f2845e1e3b38de579.jpg 826,132,1119,853,0
plastic355_jpg.rf.2208dc2be34f60e6087eff6e38a6e57a.jpg 91,73,511,383,2
2022-11-30-18-43-10_mov-315_jpg.rf.1ec5279ec8f2f566fafed1dc9c7cff6d.jpg 852,326,1293,900,0
img_18122_jpg.rf.203688be996ad4bae7b17ffa7383a83d.jpg 248,5,666,543,2
2022-11-30-18-43-57_mov-437_jpg.rf.20193ba7c699a09e4ff3e73684e0047b.jpg 801,288,1124,776,0
2022-11-30-18-38-58_mov-451_jpg.rf.20d71853c03d6187e52e5049aa6d1327.jpg 423,333,1413,658,0
2022-11-30-18-43-10_mov-155_jpg.rf.226818e46689061997daa68461e1f3e4.jpg 713,82,1040,1016,0
plastic402_jpg.rf.23063ed2dba93a0830c75eabd387aeb8.jpg 0,128,429,383,2
2022-11-30-03-20-18_mp4-71_jpg.rf.24862ac4446a8e66411cd9f027c81c6e.jpg 820,134,1081,884,0
plastic430_jpg.rf.20d15315428776af65249938a2879cb0.jpg 153,42,509,383,2
plastic117_jpg.rf.221a0678736d9c4d2feb0558776ebb93.jpg 0,61,427,383,2
plastic185_jpg.rf.2500988016af4dac8133e6e5d1e22473.jpg 168,24,275,301,2
plastic253_jpg.rf.25e8e872f7f6d9d536b940ac572caa48.jpg 45,0,404,307,2
plastic106_jpg.rf.278a8267bd9edeee715b9d3b9e761327.jpg 0,107,498,302,2
2022-11-30-18-43-10_mov-141_jpg.rf.24acb1d872c490daf23a1ddafb5097cf.jpg 714,74,1061,1042,0
2022-11-30-18-38-58_mov-267_jpg.rf.2429ba45970dea1068563d850faf6045.jpg 478,303,1446,753,0
-_1035_jpeg.rf.25ae4c336a71e4fcf5be69107e1982c8.jpg 201,66,299,436,1
plastic403_jpg.rf.2ac30d41397e71b595738385d6f7bbeb.jpg 78,12,388,383,2
img_18146_jpg.rf.27b7bd3b10424fb94586c22f996bde25.jpg 12,184,996,714,2
plastic179_jpg.rf.29a9c12b2eaf29dd23e0db04e0630aba.jpg 146,130,204,187,2 163,198,269,283,2
plastic411_jpg.rf.25c4a8726f0c25b1e1b87325452f6fca.jpg 195,110,511,363,2
plastic459_jpg.rf.2901ae46345a88ca08332a23f3178fb6.jpg 104,50,345,366,2
img_18177_jpg.rf.2c7d6fc2969cd6eb8daac54958d403fc.jpg 391,129,1024,704,2
2022-11-30-18-43-57_mov-385_jpg.rf.2d2367450c316c36dfbe9c5da32c2922.jpg 799,274,1122,790,0
-_1027_jpeg.rf.2d728d5ad5a76abf6b1fdbb013c23db9.jpg 397,48,751,1247,1
2022-11-30-18-38-58_mov-345_jpg.rf.279d4f99f04f84ba7171cb1830a8d7d0.jpg 503,328,1478,888,0
2022-11-30-18-39-44_mov-91_jpg.rf.2f2fced4ed08c4c892fcd25fed278772.jpg 746,183,1013,993,0
plastic323_jpg.rf.303fa4d8968596d8a82e7d0fccdd9c7d.jpg 146,47,413,312,2
plastic369_jpg.rf.2dc5800be4a2e7d15a384af579ed71df.jpg 98,0,511,383,2
2022-11-30-18-38-58_mov-291_jpg.rf.2ecfb2cef252e60c9774fbfe99f962c0.jpg 493,223,1453,770,0
-_1006_jpeg.rf.2fe9b98f08b3fd5e774e9292d01e2dbf.jpg 582,30,837,894,1
plastic420_jpg.rf.2de06f247e1d6097ee618f39036006f6.jpg 295,83,502,383,2
2022-11-30-18-39-44_mov-97_jpg.rf.30b9912b73f0c2509c546153724ae1b8.jpg 746,183,987,973,0
plastic39_jpg.rf.308cec6a38e695a985f0dfaa263c4f1e.jpg 0,80,511,383,2
-_1055_jpeg.rf.328ddec4969e096961203c4b4cd194de.jpg 285,0,609,784,1 477,93,796,860,1 654,224,985,940,1 805,315,1149,987,1 968,415,1406,1058,1 1192,561,1664,1080,1 1478,708,1920,1080,1
plastic55_jpg.rf.32e1a6816bacc3fd7fe37f07e93c989e.jpg 0,0,376,382,2
2022-11-30-18-43-57_mov-251_jpg.rf.31032d380ee182fd6fe2ef53e7dc9341.jpg 766,368,1155,852,0
2022-11-30-18-38-58_mov-39_jpg.rf.32e446563a9aaf95988be5fb02139586.jpg 603,280,1413,850,0
plastic28_jpg.rf.33f76a8fd9ceace04f5228e78f9e73fe.jpg 131,0,511,383,2
2022-11-30-18-43-57_mov-240_jpg.rf.3306b600766095ed414565e24da93d43.jpg 761,324,1168,882,0
plastic475_jpg.rf.360229ecf0e78d927a26a5a8f74a3f27.jpg 105,97,248,383,2
2022-11-30-03-20-18_mp4-385_jpg.rf.314d67545e50275391cdd1852ebcfa74.jpg 819,205,1104,760,0
2022-11-30-18-39-44_mov-231_jpg.rf.331d584d1891e8a93785ad13774a019b.jpg 933,393,1199,683,0
plastic237_jpg.rf.362dadf1f6898f9b94e94b59b2f8bc38.jpg 62,102,461,324,2
2022-11-30-18-43-57_mov-553_jpg.rf.35339452f8b3c1a6cfb9ee772f471a5a.jpg 797,250,1120,806,0
2022-11-30-18-38-58_mov-161_jpg.rf.375ba518cb8931b8f05fb774e839f670.jpg 468,373,1488,705,0
2022-11-30-18-44-50_mov-423_jpg.rf.372fc4d1f265797df9711947ec9f7b68.jpg 571,443,1395,703,0
plastic79_jpg.rf.378e2ebb7f1f926a3f85d7153180c979.jpg 0,0,449,383,2
plastic163_jpg.rf.3595b2b58d7d88e74b506f79a0668daa.jpg 24,50,386,324,2
plastic463_jpg.rf.38e6c4e9b97d788d4485d3cde791806c.jpg 180,142,375,383,2
-_1051_jpeg.rf.382df4ff51b32cfea5f9d00881defdf5.jpg 496,314,1114,800,1 448,397,641,800,1 160,391,499,800,1
plastic152_jpg.rf.396b77531c1de67d92b0aa3a1ec3f236.jpg 0,0,511,295,2
2022-11-30-18-44-50_mov-333_jpg.rf.38d393c3f0e31afdff7ad369fdd14670.jpg 581,395,1390,688,0
2022-11-30-18-43-57_mov-279_jpg.rf.36c78f2b0a9f7daf8e3344b82c0c6c05.jpg 766,294,1145,880,0
2022-11-30-18-43-10_mov-237_jpg.rf.37ccc975a95aaa300066b0f911e11605.jpg 746,442,1175,932,0
2022-11-30-18-43-10_mov-327_jpg.rf.364844a0d2149e77b32e8e32730bcd64.jpg 848,280,1275,948,0
-_1058_jpeg.rf.38bdc0893f167ececdb382669db06beb.jpg 1785,863,2101,2044,1 1630,1210,1944,2118,1 1230,1247,1517,1858,1 1441,1026,1660,1906,1 893,1799,1756,2157,1 1007,956,1309,1816,1 717,1272,994,2102,1 515,912,814,2054,1 264,1394,522,2105,1
plastic158_jpg.rf.3a29a9d3a2d139476873b5402d251d19.jpg 12,0,446,283,2
2022-11-30-18-44-50_mov-447_jpg.rf.397e11ad5e15fc3e5d6d3635710c6c1f.jpg 561,440,1398,708,0
2022-11-30-18-43-57_mov-405_jpg.rf.3ac4b74d995aa1afcd59c89e96742200.jpg 798,308,1129,760,0
2022-11-30-03-20-18_mp4-623_jpg.rf.3a3334026e26eb2ba68cc22f6ef7e00f.jpg 820,130,1127,877,0
2022-11-30-18-43-57_mov-151_jpg.rf.3b336d4ea2c1b78c4884a70a0e03a377.jpg 791,198,1120,886,0
2022-11-30-03-20-18_mp4-237_jpg.rf.3a760b70c5fdf1b90cb3c4205c128e6a.jpg 830,290,1151,886,0
2022-11-30-03-20-18_mp4-403_jpg.rf.3c94debc5beb04e4067d3e71af7a5eca.jpg 826,357,1099,682,0
2022-11-30-03-20-18_mp4-135_jpg.rf.3c7ac1a7cdecdefa341d141ff0ca3ca9.jpg 804,100,1131,890,0
2022-11-30-18-44-50_mov-85_jpg.rf.3d320382554946063a685407d9d732b7.jpg 858,360,1206,703,0
2022-11-30-18-44-50_mov-33_jpg.rf.400e605856eb2d978cec8c8713532e22.jpg 673,368,1160,673,0
plastic457_jpg.rf.4106287ce57eb872f37bff47dcea2986.jpg 199,0,496,362,2
img_17991_jpg.rf.422a169f71066618c9a3d45d379775eb.jpg 6,9,542,294,2
plastic321_jpg.rf.419320ec0a0b03efcb2f61e0bd1f4cda.jpg 73,100,480,383,2
2022-11-30-03-20-18_mp4-149_jpg.rf.406c3c3dc8a031fff120862c4b187f00.jpg 807,132,1092,890,0
2022-11-30-18-38-58_mov-47_jpg.rf.3bab390316f70c4105e04c12668ecf16.jpg 693,278,1096,868,0
plastic437_jpg.rf.424650f3303563a55d81b6129cc16bdb.jpg 10,87,511,383,2
plastic441_jpg.rf.41ac6b691cd3bd065c9ec948a1807fb1.jpg 81,57,358,316,2
plastic262_jpg.rf.43be1fb587f28787da539a8925003c19.jpg 155,104,462,383,2
plastic173_jpg.rf.4141d35e01a1d107478d71eba60ab0ea.jpg 108,63,382,330,2
plastic78_jpg.rf.44ac3790b6013e11dcddb316776e6252.jpg 0,74,510,383,2
plastic157_jpg.rf.4470c89bb7067a337ceba963ff6ce822.jpg 165,77,511,383,2
2022-11-30-18-44-50_mov-129_jpg.rf.43d613a92edf7525e88fdb3dc2bab5b3.jpg 593,398,1233,663,0
2022-11-30-18-43-10_mov-169_jpg.rf.42cee45dc9855f7a7cd93ec0bc572276.jpg 729,88,1076,1004,0
2022-11-30-18-43-10_mov-305_jpg.rf.440a9552a0ebb8f917b44e32904c17f2.jpg 851,368,1284,802,0
img_18209_jpg.rf.468fb488f3457d620677eef08d6e00d4.jpg 265,140,413,636,2 181,289,300,644,2 96,86,260,644,2
plastic449_jpg.rf.47c727e43ec2e925e7c720544d671218.jpg 137,91,396,340,2
img_18103_jpg.rf.48c2b89a3ace13e99fb7e5fdc090dae1.jpg 219,85,805,516,2
-_1012_jpeg.rf.43e5b53ca19cfc3c585110290f71ccd7.jpg 225,787,511,1040,1 506,137,984,1078,1
2022-11-30-18-43-10_mov-183_jpg.rf.465aefd63927f5a43b24c57b7c6ae213.jpg 764,92,1079,988,0
plastic248_jpg.rf.4951b111cd915a5e9c83cee05fda2a01.jpg 23,11,406,364,2
plastic51_jpg.rf.4635919fa3827aa6412c8e9023cb438b.jpg 37,99,325,383,2
plastic283_jpg.rf.44aee0e1b168ee06630f501b023875a1.jpg 60,0,429,326,2
2022-11-30-03-20-18_mp4-111_jpg.rf.4986600682d88c9c17113cd5e425f7cc.jpg 846,130,1127,886,0
img_17919_jpg.rf.4a6f957cff280008134d6f2c872bce6e.jpg 86,86,330,212,2
-_1024_jpeg.rf.494e18387abf75e15582672873b9fa4d.jpg 1177,313,1516,1183,1 1502,163,1796,1149,1 1748,512,2078,1226,1 2024,377,2335,1158,1 643,142,992,1214,1 426,250,714,1161,1 148,210,432,1187,1
2022-11-30-18-39-44_mov-555_jpg.rf.4a8c255ca657a1b71e766d0cf4801531.jpg 718,441,991,870,0
2022-11-30-03-20-18_mp4-323_jpg.rf.4b96910b15254e91b8ffce68fa4608c4.jpg 829,350,1157,850,0
-_101_jpeg.rf.4a8da0530a9c6c4f437cf8a78ad6f2b2.jpg 593,77,688,312,1 460,76,556,311,1 195,76,291,309,1 63,74,159,311,1
2022-11-30-18-43-10_mov-507_jpg.rf.4b49382aa00f2723b452392cbe7cf91c.jpg 793,60,1130,900,0
plastic361_jpg.rf.4b6091bb14e97621802fe69f0643ad39.jpg 148,118,358,294,2
2022-11-30-03-20-18_mp4-447_jpg.rf.49986e57acae35cc64f8782d7578aa0b.jpg 824,397,1097,663,0
plastic93_jpg.rf.4c4481b2f83bd9b36a8d82fa75e5cb54.jpg 136,72,398,383,2
plastic140_jpg.rf.4d1012d3b388e5e0fa9a5a03a9710fb1.jpg 64,0,437,383,2
-_100_jpeg.rf.5018fde6421a602b3091db280b18738a.jpg 403,49,637,754,1 165,48,394,752,1
2022-11-30-18-44-50_mov-335_jpg.rf.4d08bee574408cf96db9d2ccc9a7bfc0.jpg 583,393,1408,693,0
plastic278_jpg.rf.4eca79461c03458d20ae06f64404910d.jpg 175,98,400,383,2
img_17762_jpg.rf.4ee4091f9b995b71dc7d3853a6cfdfcc.jpg 23,6,125,209,2
plastic391_jpg.rf.52c85868b22cf26eed30781ee9b90107.jpg 173,26,511,383,2
plastic359_jpg.rf.52da55a6c0132064fdd3407767f5501c.jpg 75,130,415,269,2
-_1015_jpeg.rf.50b0cd2d499fef230f1440269d59b8ef.jpg 452,46,711,910,1 742,43,986,906,1
plastic84_jpg.rf.506266f61a096f4f7721c18caf130663.jpg 155,0,511,383,2
2022-11-30-18-39-44_mov-485_jpg.rf.52ae3b4ec7b7b8f5ac90c977e4b56b3d.jpg 713,379,982,768,0
plastic370_jpg.rf.521a2ebd63143336fe6a8ed1f0116213.jpg 65,117,452,267,2
plastic202_jpg.rf.52cebf7b8d3b55c37f29ea6ef94da826.jpg 67,92,461,267,2
plastic326_jpg.rf.4cc3e1c4ec2f44172da687f18957a1b1.jpg 54,51,443,311,2
plastic451_jpg.rf.550147441cb1a0ffeeb34f32729c0396.jpg 123,101,394,301,2
plastic64_jpg.rf.556b17be85077823fa7a943e375b27d8.jpg 73,48,410,281,2
2022-11-30-18-39-44_mov-473_jpg.rf.55d1a041c2e8817397458569876a6f17.jpg 748,355,1016,697,0
2022-11-30-03-20-18_mp4-579_jpg.rf.539d5863848bda3f573540d50c1dd9fa.jpg 836,133,1145,880,0
plastic263_jpg.rf.572f5766da95c35e507269e35b046e2a.jpg 115,0,478,383,2
2022-11-30-18-43-57_mov-359_jpg.rf.57c4df358c31f6168dd32b40376b1f6d.jpg 790,286,1131,788,0
plastic244_jpg.rf.57b206b155c6fc49e76369074e12f43e.jpg 3,77,483,367,2
plastic482_jpg.rf.5d39910641400d95757d7bf2d73462e2.jpg 211,153,292,274,2
plastic194_jpg.rf.5c7c9afea22e16e6a0d7a2bd4fe22199.jpg 26,0,511,350,2
img_18112_jpg.rf.5a6f4339c3498a5f80571b6218ca7306.jpg 289,20,769,643,2
plastic95_jpg.rf.57d31a70f54cc508065f708dfb563835.jpg 0,87,511,311,2
plastic203_jpg.rf.55ce72de0d11470e1a2106f0b15647a2.jpg 58,0,408,382,2
2022-11-30-18-39-44_mov-443_jpg.rf.5d3ad6818515e58c93e649b3e86b4734.jpg 849,342,1114,627,0
plastic458_jpg.rf.5d83b1c7d874f4984a7b8f41dfdc7147.jpg 118,127,349,259,2
plastic455_jpg.rf.5accc869b5bc0d3dc40c30a7c68a0ec4.jpg 77,21,473,374,2
img_18001_jpg.rf.60917e7d1f8e3bb6ea6bfec4c403419c.jpg 12,2,286,244,2
-_1014_jpeg.rf.5e628dd43587a2a8ed329a0466fbd218.jpg 485,40,699,615,1 888,20,1071,423,1
2022-11-30-18-43-10_mov-247_jpg.rf.6104dbbdbcd5752e3b8993c5b2059e21.jpg 751,444,1172,866,0
img_18164_jpg.rf.6037a57b12ba1e6d960f4c1d7fcda2ea.jpg 239,4,712,649,2
-_1054_jpeg.rf.60ebd0fd274a1a1b13fbd632822fdca7.jpg 286,63,505,740,1
2022-11-30-18-39-44_mov-159_jpg.rf.610adb2c5584072a441b717252197e36.jpg 941,218,1157,967,0
2022-11-30-03-20-18_mp4-565_jpg.rf.61e6e2ae4b6b087525bdd40fe849a160.jpg 824,122,1122,865,0
2022-11-30-18-43-10_mov-347_jpg.rf.61a5988079b28ce8d1babda22fd6bc45.jpg 789,142,1192,1004,0
plastic255_jpg.rf.61aa57dfd735bf730dea5839dcb3a57c.jpg 149,39,440,383,2
img_18047_jpg.rf.621cddc42f2575f3efbfae2d401fe1cd.jpg 156,199,405,569,2
plastic43_jpg.rf.641fe9f24a69ecca9a06f5a9cc4ced19.jpg 237,114,397,281,2
plastic66_jpg.rf.65007b4bed70aa295e99230e92d8fc56.jpg 26,0,511,313,2
2022-11-30-18-38-58_mov-457_jpg.rf.650a5dcd76d46f9cf92fcafb46308e8b.jpg 423,330,1388,665,0
2022-11-30-18-43-10_mov-591_jpg.rf.66116cc99ccb7284c5a742932fdac206.jpg 856,76,1183,948,0
img_17927_jpg.rf.6625c6e9e664b11bca2abffbbbd96f72.jpg 41,88,135,126,2
img_17686_jpg.rf.6490cdf4b8bd5ac877d4485b4a0d43c1.jpg 43,5,178,220,2
2022-11-30-03-20-18_mp4-55_jpg.rf.6401a15330f74984f45064ae29ba3bef.jpg 836,138,1085,883,0
2022-11-30-18-43-57_mov-107_jpg.rf.65f7a5e5354be2a57c9bfac60fd56dec.jpg 795,204,1120,894,0
img_18144_jpg.rf.65bfdf5a153d3fc4ed4161517b2217ab.jpg 196,6,740,699,2
plastic234_jpg.rf.68f4b8cba8b5094c012975c91381f9cb.jpg 77,106,434,291,2
2022-11-30-18-43-57_mov-169_jpg.rf.667554713d133acdb70f43167e9007e2.jpg 802,204,1123,882,0
2022-11-30-18-38-58_mov-245_jpg.rf.6b34382837e2a6cbb1214e21dea5eec4.jpg 491,323,1455,718,0
plastic419_jpg.rf.6a00ec50f4401e24e648cdd247e638f8.jpg 162,0,394,331,2
2022-11-30-18-38-58_mov-600_jpg.rf.696fa773e474fabd8e50618573e2bc61.jpg 728,55,1163,1018,0
plastic386_jpg.rf.69509638689db430b76d50013058d67e.jpg 123,105,412,248,2
plastic422_jpg.rf.6ba36e690925226cf7e85e74efe0e1b3.jpg 24,118,511,383,2
2022-11-30-03-20-18_mp4-549_jpg.rf.66945ed901198a93352bcaaa6c86f7e4.jpg 822,128,1117,902,0
plastic150_jpg.rf.6bf28eda30341f3173351a27f4e210bd.jpg 154,148,369,250,2
plastic5_jpg.rf.6c32645b2c0a24e4267dbbf08198d0b7.jpg 170,55,295,297,2
plastic341_jpg.rf.6d0edd3444450320e337a57f1a893fe1.jpg 154,0,511,285,2
plastic145_jpg.rf.6d4648d0f290cf3605b75ad58803e9f9.jpg 39,148,488,295,2
plastic214_jpg.rf.6f7a0f7eca1a539593c95365a38bd630.jpg 11,61,511,383,2
plastic87_jpg.rf.708071f63af4f31197ea9664c547f186.jpg 0,0,467,308,2
plastic136_jpg.rf.6f8fd0e2042f4c973280bd3baf51f9c5.jpg 124,105,297,302,2
-_1046_png.rf.6ff02674e553aff155210b78e1ebacd9.jpg 102,22,212,382,1
-_1057_jpeg.rf.6e3fc87cc6acfa782c177bb8267cd36e.jpg 1089,156,1424,935,1 842,230,1133,935,1 716,75,919,935,1 398,236,587,935,1 138,249,433,935,1
plastic52_jpg.rf.6fdf6cd9e5551aaa906d9993c4fe4f9e.jpg 146,89,362,304,2
2022-11-30-03-20-18_mp4-543_jpg.rf.715bc9ddd63792c3ff7dba0b075bd940.jpg 800,80,1131,885,0
plastic216_jpg.rf.71fdc4aa6508509bbd4c1ed59af06851.jpg 33,7,511,383,2
plastic281_jpg.rf.70c0d659615f4ed09fbc62bbb412b9ee.jpg 0,109,511,383,2
plastic431_jpg.rf.72f5a39eff6cba33c69e838d7c5d5215.jpg 141,122,441,284,2
img_17931_jpg.rf.72265b9fda0aa44b6099f2e83ce3b039.jpg 7,160,321,204,2 16,125,321,204,2
-_1016_jpeg.rf.74e2af585ccd2197ec5dea1e852f8afe.jpg 455,234,777,331,1 47,325,393,458,1 764,321,1134,451,1 977,279,1308,388,1 923,253,1133,332,1 1116,488,1318,643,1 363,403,1084,646,1 66,510,960,712,1 172,284,275,317,1
2022-11-30-18-43-57_mov-439_jpg.rf.7218c65de0d15b7a00bf71cea4ae74c1.jpg 792,288,1127,780,0
plastic468_jpg.rf.73f18473dd669125ef039c933efb7adb.jpg 32,99,477,263,2
img_18134_jpg.rf.7611084031f132dff352d0c9f245e60c.jpg 359,215,805,553,2
img_18139_jpg.rf.7807f73e18b51e9abdb18c0061e46327.jpg 182,11,751,710,2
2022-11-30-18-43-10_mov-185_jpg.rf.78cff1f504604f98afaf06e2030a96df.jpg 771,92,1094,988,0
2022-11-30-03-20-18_mp4-475_jpg.rf.79bd0f9123dc88d6e6d4fdc9e2d79164.jpg 814,182,1117,762,0
2022-11-30-03-20-18_mp4-585_jpg.rf.7610b44c3b6de07eb71c985030d3fae8.jpg 830,120,1137,875,0
2022-11-30-18-43-57_mov-207_jpg.rf.771c4364fed16fb73417b72cef3f5d15.jpg 780,230,1141,872,0
-_1043_jpeg.rf.7dad98b70837ff52eef295a4bdc7a289.jpg 281,197,667,411,1 670,279,800,534,1 367,69,657,214,1 228,177,443,442,1
-_1030_png.rf.7d0e1db7316b42c1e19b77de5028e4ba.jpg 415,76,544,467,1 340,59,457,483,1 227,31,361,507,1 133,55,250,486,1 54,74,173,468,1
2022-11-30-18-43-57_mov-371_jpg.rf.7b86ab4e1e90241255896e851f4efb51.jpg 800,236,1129,828,0
img_18117_jpg.rf.7ca547d683097fd81611afb388fa5412.jpg 132,125,582,833,2
2022-11-30-18-38-58_mov-425_jpg.rf.7b5e0e963f982071dbad04c7ff124a73.jpg 838,303,1291,730,0
-_1019_png.rf.7b0dfaf984d24ecd19a290c1cc320170.jpg 341,189,455,594,1 151,152,280,593,1
plastic470_jpg.rf.7dce801df6695f3ae2b4e02d34292d4c.jpg 64,39,364,316,2
2022-11-30-18-43-57_mov-565_jpg.rf.7f1125c2efa744fa080c8c57d197bf34.jpg 801,248,1122,810,0
2022-11-30-18-43-57_mov-63_jpg.rf.7e11a1c6424979548ac6572e0a37aba4.jpg 805,202,1118,880,0
plastic241_jpg.rf.7f2a9dd00ed9d18408c09ec857e24fba.jpg 0,93,474,308,2